{
 "cells": [
  {
   "cell_type": "code",
   "execution_count": 1,
   "metadata": {},
   "outputs": [],
   "source": [
    "import pandas as pd\n",
    "\n",
    "def get_tickers(path):\n",
    "    companies = pd.read_csv(path)\n",
    "    ticker_list = list(companies['Ticker'])\n",
    "    print('Retrieved', str(len(ticker_list)), 'ticker symbols.')\n",
    "    return ticker_list\n"
   ]
  },
  {
   "cell_type": "code",
   "execution_count": 7,
   "metadata": {},
   "outputs": [
    {
     "name": "stdout",
     "output_type": "stream",
     "text": [
      "Retrieved 30 ticker symbols.\n",
      "Retrieving data for AAPL\n",
      "Retrieving data for NFLX\n",
      "Retrieving data for AMZN\n",
      "Retrieving data for MSFT\n",
      "Retrieving data for GOOG\n",
      "Retrieving data for TSLA\n",
      "Retrieving data for FB\n",
      "Retrieving data for AAP\n",
      "Retrieving data for DIS\n",
      "Retrieving data for NKE\n",
      "Retrieving data for UA\n",
      "Retrieving data for BAC\n",
      "Retrieving data for CCL\n",
      "Retrieving data for CI\n",
      "Retrieving data for AAL\n"
     ]
    },
    {
     "ename": "LimitExceededError",
     "evalue": "(Status 429) (Quandl Error QELx01) You have exceeded the anonymous user limit of 50 calls per day. To make more calls today, please register for a free Quandl account and then include your API key with your requests.",
     "output_type": "error",
     "traceback": [
      "\u001b[1;31m---------------------------------------------------------------------------\u001b[0m",
      "\u001b[1;31mLimitExceededError\u001b[0m                        Traceback (most recent call last)",
      "\u001b[1;32m<ipython-input-7-5808e00ca6d8>\u001b[0m in \u001b[0;36m<module>\u001b[1;34m\u001b[0m\n\u001b[0;32m     12\u001b[0m \u001b[1;33m\u001b[0m\u001b[0m\n\u001b[0;32m     13\u001b[0m \u001b[1;32mfor\u001b[0m \u001b[0mticker\u001b[0m \u001b[1;32min\u001b[0m \u001b[0mticker_list\u001b[0m\u001b[1;33m:\u001b[0m\u001b[1;33m\u001b[0m\u001b[1;33m\u001b[0m\u001b[0m\n\u001b[1;32m---> 14\u001b[1;33m     \u001b[0mprices\u001b[0m \u001b[1;33m=\u001b[0m \u001b[0mget_prices\u001b[0m\u001b[1;33m(\u001b[0m\u001b[0mticker\u001b[0m\u001b[1;33m)\u001b[0m\u001b[1;33m\u001b[0m\u001b[1;33m\u001b[0m\u001b[0m\n\u001b[0m\u001b[0;32m     15\u001b[0m     \u001b[0mdata\u001b[0m\u001b[1;33m.\u001b[0m\u001b[0mappend\u001b[0m\u001b[1;33m(\u001b[0m\u001b[0mprices\u001b[0m\u001b[1;33m)\u001b[0m\u001b[1;33m\u001b[0m\u001b[1;33m\u001b[0m\u001b[0m\n",
      "\u001b[1;32m<ipython-input-7-5808e00ca6d8>\u001b[0m in \u001b[0;36mget_prices\u001b[1;34m(ticker)\u001b[0m\n\u001b[0;32m      3\u001b[0m \u001b[1;32mdef\u001b[0m \u001b[0mget_prices\u001b[0m\u001b[1;33m(\u001b[0m\u001b[0mticker\u001b[0m\u001b[1;33m)\u001b[0m\u001b[1;33m:\u001b[0m\u001b[1;33m\u001b[0m\u001b[1;33m\u001b[0m\u001b[0m\n\u001b[0;32m      4\u001b[0m     \u001b[0mprint\u001b[0m\u001b[1;33m(\u001b[0m\u001b[1;34m'Retrieving data for'\u001b[0m\u001b[1;33m,\u001b[0m \u001b[0mticker\u001b[0m\u001b[1;33m)\u001b[0m\u001b[1;33m\u001b[0m\u001b[1;33m\u001b[0m\u001b[0m\n\u001b[1;32m----> 5\u001b[1;33m     \u001b[0mprices\u001b[0m \u001b[1;33m=\u001b[0m \u001b[0mquandl\u001b[0m\u001b[1;33m.\u001b[0m\u001b[0mget\u001b[0m\u001b[1;33m(\u001b[0m\u001b[1;34m'WIKI/'\u001b[0m \u001b[1;33m+\u001b[0m \u001b[0mticker\u001b[0m\u001b[1;33m)\u001b[0m\u001b[1;33m[\u001b[0m\u001b[1;34m'Adj. Close'\u001b[0m\u001b[1;33m]\u001b[0m\u001b[1;33m.\u001b[0m\u001b[0mreset_index\u001b[0m\u001b[1;33m(\u001b[0m\u001b[1;33m)\u001b[0m\u001b[1;33m\u001b[0m\u001b[1;33m\u001b[0m\u001b[0m\n\u001b[0m\u001b[0;32m      6\u001b[0m     \u001b[0mprices\u001b[0m\u001b[1;33m[\u001b[0m\u001b[1;34m'Ticker'\u001b[0m\u001b[1;33m]\u001b[0m \u001b[1;33m=\u001b[0m \u001b[0mticker\u001b[0m\u001b[1;33m\u001b[0m\u001b[1;33m\u001b[0m\u001b[0m\n\u001b[0;32m      7\u001b[0m     \u001b[1;32mreturn\u001b[0m \u001b[0mprices\u001b[0m\u001b[1;33m\u001b[0m\u001b[1;33m\u001b[0m\u001b[0m\n",
      "\u001b[1;32m~\\anaconda3\\lib\\site-packages\\quandl\\get.py\u001b[0m in \u001b[0;36mget\u001b[1;34m(dataset, **kwargs)\u001b[0m\n\u001b[0;32m     46\u001b[0m         \u001b[1;32mif\u001b[0m \u001b[0mdataset_args\u001b[0m\u001b[1;33m[\u001b[0m\u001b[1;34m'column_index'\u001b[0m\u001b[1;33m]\u001b[0m \u001b[1;32mis\u001b[0m \u001b[1;32mnot\u001b[0m \u001b[1;32mNone\u001b[0m\u001b[1;33m:\u001b[0m\u001b[1;33m\u001b[0m\u001b[1;33m\u001b[0m\u001b[0m\n\u001b[0;32m     47\u001b[0m             \u001b[0mkwargs\u001b[0m\u001b[1;33m.\u001b[0m\u001b[0mupdate\u001b[0m\u001b[1;33m(\u001b[0m\u001b[1;33m{\u001b[0m\u001b[1;34m'column_index'\u001b[0m\u001b[1;33m:\u001b[0m \u001b[0mdataset_args\u001b[0m\u001b[1;33m[\u001b[0m\u001b[1;34m'column_index'\u001b[0m\u001b[1;33m]\u001b[0m\u001b[1;33m}\u001b[0m\u001b[1;33m)\u001b[0m\u001b[1;33m\u001b[0m\u001b[1;33m\u001b[0m\u001b[0m\n\u001b[1;32m---> 48\u001b[1;33m         \u001b[0mdata\u001b[0m \u001b[1;33m=\u001b[0m \u001b[0mDataset\u001b[0m\u001b[1;33m(\u001b[0m\u001b[0mdataset_args\u001b[0m\u001b[1;33m[\u001b[0m\u001b[1;34m'code'\u001b[0m\u001b[1;33m]\u001b[0m\u001b[1;33m)\u001b[0m\u001b[1;33m.\u001b[0m\u001b[0mdata\u001b[0m\u001b[1;33m(\u001b[0m\u001b[0mparams\u001b[0m\u001b[1;33m=\u001b[0m\u001b[0mkwargs\u001b[0m\u001b[1;33m,\u001b[0m \u001b[0mhandle_column_not_found\u001b[0m\u001b[1;33m=\u001b[0m\u001b[1;32mTrue\u001b[0m\u001b[1;33m)\u001b[0m\u001b[1;33m\u001b[0m\u001b[1;33m\u001b[0m\u001b[0m\n\u001b[0m\u001b[0;32m     49\u001b[0m     \u001b[1;31m# Array\u001b[0m\u001b[1;33m\u001b[0m\u001b[1;33m\u001b[0m\u001b[1;33m\u001b[0m\u001b[0m\n\u001b[0;32m     50\u001b[0m     \u001b[1;32melif\u001b[0m \u001b[0misinstance\u001b[0m\u001b[1;33m(\u001b[0m\u001b[0mdataset\u001b[0m\u001b[1;33m,\u001b[0m \u001b[0mlist\u001b[0m\u001b[1;33m)\u001b[0m\u001b[1;33m:\u001b[0m\u001b[1;33m\u001b[0m\u001b[1;33m\u001b[0m\u001b[0m\n",
      "\u001b[1;32m~\\anaconda3\\lib\\site-packages\\quandl\\model\\dataset.py\u001b[0m in \u001b[0;36mdata\u001b[1;34m(self, **options)\u001b[0m\n\u001b[0;32m     45\u001b[0m         \u001b[0mupdated_options\u001b[0m \u001b[1;33m=\u001b[0m \u001b[0mUtil\u001b[0m\u001b[1;33m.\u001b[0m\u001b[0mmerge_options\u001b[0m\u001b[1;33m(\u001b[0m\u001b[1;34m'params'\u001b[0m\u001b[1;33m,\u001b[0m \u001b[0mparams\u001b[0m\u001b[1;33m,\u001b[0m \u001b[1;33m**\u001b[0m\u001b[0moptions\u001b[0m\u001b[1;33m)\u001b[0m\u001b[1;33m\u001b[0m\u001b[1;33m\u001b[0m\u001b[0m\n\u001b[0;32m     46\u001b[0m         \u001b[1;32mtry\u001b[0m\u001b[1;33m:\u001b[0m\u001b[1;33m\u001b[0m\u001b[1;33m\u001b[0m\u001b[0m\n\u001b[1;32m---> 47\u001b[1;33m             \u001b[1;32mreturn\u001b[0m \u001b[0mData\u001b[0m\u001b[1;33m.\u001b[0m\u001b[0mall\u001b[0m\u001b[1;33m(\u001b[0m\u001b[1;33m**\u001b[0m\u001b[0mupdated_options\u001b[0m\u001b[1;33m)\u001b[0m\u001b[1;33m\u001b[0m\u001b[1;33m\u001b[0m\u001b[0m\n\u001b[0m\u001b[0;32m     48\u001b[0m         \u001b[1;32mexcept\u001b[0m \u001b[0mNotFoundError\u001b[0m\u001b[1;33m:\u001b[0m\u001b[1;33m\u001b[0m\u001b[1;33m\u001b[0m\u001b[0m\n\u001b[0;32m     49\u001b[0m             \u001b[1;32mif\u001b[0m \u001b[0mhandle_not_found_error\u001b[0m\u001b[1;33m:\u001b[0m\u001b[1;33m\u001b[0m\u001b[1;33m\u001b[0m\u001b[0m\n",
      "\u001b[1;32m~\\anaconda3\\lib\\site-packages\\quandl\\operations\\list.py\u001b[0m in \u001b[0;36mall\u001b[1;34m(cls, **options)\u001b[0m\n\u001b[0;32m     13\u001b[0m             \u001b[0moptions\u001b[0m\u001b[1;33m[\u001b[0m\u001b[1;34m'params'\u001b[0m\u001b[1;33m]\u001b[0m \u001b[1;33m=\u001b[0m \u001b[1;33m{\u001b[0m\u001b[1;33m}\u001b[0m\u001b[1;33m\u001b[0m\u001b[1;33m\u001b[0m\u001b[0m\n\u001b[0;32m     14\u001b[0m         \u001b[0mpath\u001b[0m \u001b[1;33m=\u001b[0m \u001b[0mUtil\u001b[0m\u001b[1;33m.\u001b[0m\u001b[0mconstructed_path\u001b[0m\u001b[1;33m(\u001b[0m\u001b[0mcls\u001b[0m\u001b[1;33m.\u001b[0m\u001b[0mlist_path\u001b[0m\u001b[1;33m(\u001b[0m\u001b[1;33m)\u001b[0m\u001b[1;33m,\u001b[0m \u001b[0moptions\u001b[0m\u001b[1;33m[\u001b[0m\u001b[1;34m'params'\u001b[0m\u001b[1;33m]\u001b[0m\u001b[1;33m)\u001b[0m\u001b[1;33m\u001b[0m\u001b[1;33m\u001b[0m\u001b[0m\n\u001b[1;32m---> 15\u001b[1;33m         \u001b[0mr\u001b[0m \u001b[1;33m=\u001b[0m \u001b[0mConnection\u001b[0m\u001b[1;33m.\u001b[0m\u001b[0mrequest\u001b[0m\u001b[1;33m(\u001b[0m\u001b[1;34m'get'\u001b[0m\u001b[1;33m,\u001b[0m \u001b[0mpath\u001b[0m\u001b[1;33m,\u001b[0m \u001b[1;33m**\u001b[0m\u001b[0moptions\u001b[0m\u001b[1;33m)\u001b[0m\u001b[1;33m\u001b[0m\u001b[1;33m\u001b[0m\u001b[0m\n\u001b[0m\u001b[0;32m     16\u001b[0m         \u001b[0mresponse_data\u001b[0m \u001b[1;33m=\u001b[0m \u001b[0mr\u001b[0m\u001b[1;33m.\u001b[0m\u001b[0mjson\u001b[0m\u001b[1;33m(\u001b[0m\u001b[1;33m)\u001b[0m\u001b[1;33m\u001b[0m\u001b[1;33m\u001b[0m\u001b[0m\n\u001b[0;32m     17\u001b[0m         \u001b[0mUtil\u001b[0m\u001b[1;33m.\u001b[0m\u001b[0mconvert_to_dates\u001b[0m\u001b[1;33m(\u001b[0m\u001b[0mresponse_data\u001b[0m\u001b[1;33m)\u001b[0m\u001b[1;33m\u001b[0m\u001b[1;33m\u001b[0m\u001b[0m\n",
      "\u001b[1;32m~\\anaconda3\\lib\\site-packages\\quandl\\connection.py\u001b[0m in \u001b[0;36mrequest\u001b[1;34m(cls, http_verb, url, **options)\u001b[0m\n\u001b[0;32m     36\u001b[0m         \u001b[0mabs_url\u001b[0m \u001b[1;33m=\u001b[0m \u001b[1;34m'%s/%s'\u001b[0m \u001b[1;33m%\u001b[0m \u001b[1;33m(\u001b[0m\u001b[0mApiConfig\u001b[0m\u001b[1;33m.\u001b[0m\u001b[0mapi_base\u001b[0m\u001b[1;33m,\u001b[0m \u001b[0murl\u001b[0m\u001b[1;33m)\u001b[0m\u001b[1;33m\u001b[0m\u001b[1;33m\u001b[0m\u001b[0m\n\u001b[0;32m     37\u001b[0m \u001b[1;33m\u001b[0m\u001b[0m\n\u001b[1;32m---> 38\u001b[1;33m         \u001b[1;32mreturn\u001b[0m \u001b[0mcls\u001b[0m\u001b[1;33m.\u001b[0m\u001b[0mexecute_request\u001b[0m\u001b[1;33m(\u001b[0m\u001b[0mhttp_verb\u001b[0m\u001b[1;33m,\u001b[0m \u001b[0mabs_url\u001b[0m\u001b[1;33m,\u001b[0m \u001b[1;33m**\u001b[0m\u001b[0moptions\u001b[0m\u001b[1;33m)\u001b[0m\u001b[1;33m\u001b[0m\u001b[1;33m\u001b[0m\u001b[0m\n\u001b[0m\u001b[0;32m     39\u001b[0m \u001b[1;33m\u001b[0m\u001b[0m\n\u001b[0;32m     40\u001b[0m     \u001b[1;33m@\u001b[0m\u001b[0mclassmethod\u001b[0m\u001b[1;33m\u001b[0m\u001b[1;33m\u001b[0m\u001b[0m\n",
      "\u001b[1;32m~\\anaconda3\\lib\\site-packages\\quandl\\connection.py\u001b[0m in \u001b[0;36mexecute_request\u001b[1;34m(cls, http_verb, url, **options)\u001b[0m\n\u001b[0;32m     48\u001b[0m                                        **options)\n\u001b[0;32m     49\u001b[0m             \u001b[1;32mif\u001b[0m \u001b[0mresponse\u001b[0m\u001b[1;33m.\u001b[0m\u001b[0mstatus_code\u001b[0m \u001b[1;33m<\u001b[0m \u001b[1;36m200\u001b[0m \u001b[1;32mor\u001b[0m \u001b[0mresponse\u001b[0m\u001b[1;33m.\u001b[0m\u001b[0mstatus_code\u001b[0m \u001b[1;33m>=\u001b[0m \u001b[1;36m300\u001b[0m\u001b[1;33m:\u001b[0m\u001b[1;33m\u001b[0m\u001b[1;33m\u001b[0m\u001b[0m\n\u001b[1;32m---> 50\u001b[1;33m                 \u001b[0mcls\u001b[0m\u001b[1;33m.\u001b[0m\u001b[0mhandle_api_error\u001b[0m\u001b[1;33m(\u001b[0m\u001b[0mresponse\u001b[0m\u001b[1;33m)\u001b[0m\u001b[1;33m\u001b[0m\u001b[1;33m\u001b[0m\u001b[0m\n\u001b[0m\u001b[0;32m     51\u001b[0m             \u001b[1;32melse\u001b[0m\u001b[1;33m:\u001b[0m\u001b[1;33m\u001b[0m\u001b[1;33m\u001b[0m\u001b[0m\n\u001b[0;32m     52\u001b[0m                 \u001b[1;32mreturn\u001b[0m \u001b[0mresponse\u001b[0m\u001b[1;33m\u001b[0m\u001b[1;33m\u001b[0m\u001b[0m\n",
      "\u001b[1;32m~\\anaconda3\\lib\\site-packages\\quandl\\connection.py\u001b[0m in \u001b[0;36mhandle_api_error\u001b[1;34m(cls, resp)\u001b[0m\n\u001b[0;32m    112\u001b[0m         \u001b[0mklass\u001b[0m \u001b[1;33m=\u001b[0m \u001b[0md_klass\u001b[0m\u001b[1;33m.\u001b[0m\u001b[0mget\u001b[0m\u001b[1;33m(\u001b[0m\u001b[0mcode_letter\u001b[0m\u001b[1;33m,\u001b[0m \u001b[0mQuandlError\u001b[0m\u001b[1;33m)\u001b[0m\u001b[1;33m\u001b[0m\u001b[1;33m\u001b[0m\u001b[0m\n\u001b[0;32m    113\u001b[0m \u001b[1;33m\u001b[0m\u001b[0m\n\u001b[1;32m--> 114\u001b[1;33m         \u001b[1;32mraise\u001b[0m \u001b[0mklass\u001b[0m\u001b[1;33m(\u001b[0m\u001b[0mmessage\u001b[0m\u001b[1;33m,\u001b[0m \u001b[0mresp\u001b[0m\u001b[1;33m.\u001b[0m\u001b[0mstatus_code\u001b[0m\u001b[1;33m,\u001b[0m \u001b[0mresp\u001b[0m\u001b[1;33m.\u001b[0m\u001b[0mtext\u001b[0m\u001b[1;33m,\u001b[0m \u001b[0mresp\u001b[0m\u001b[1;33m.\u001b[0m\u001b[0mheaders\u001b[0m\u001b[1;33m,\u001b[0m \u001b[0mcode\u001b[0m\u001b[1;33m)\u001b[0m\u001b[1;33m\u001b[0m\u001b[1;33m\u001b[0m\u001b[0m\n\u001b[0m",
      "\u001b[1;31mLimitExceededError\u001b[0m: (Status 429) (Quandl Error QELx01) You have exceeded the anonymous user limit of 50 calls per day. To make more calls today, please register for a free Quandl account and then include your API key with your requests."
     ]
    }
   ],
   "source": [
    "import quandl\n",
    " \n",
    "def get_prices(ticker):\n",
    "    print('Retrieving data for', ticker)\n",
    "    prices = quandl.get('WIKI/' + ticker)['Adj. Close'].reset_index()\n",
    "    prices['Ticker'] = ticker\n",
    "    return prices\n",
    " \n",
    "data = []\n",
    " \n",
    "ticker_list = get_tickers('companies.csv')\n",
    " \n",
    "for ticker in ticker_list:\n",
    "    prices = get_prices(ticker)\n",
    "    data.append(prices)"
   ]
  },
  {
   "cell_type": "code",
   "execution_count": 19,
   "metadata": {},
   "outputs": [
    {
     "data": {
      "text/html": [
       "<div>\n",
       "<style scoped>\n",
       "    .dataframe tbody tr th:only-of-type {\n",
       "        vertical-align: middle;\n",
       "    }\n",
       "\n",
       "    .dataframe tbody tr th {\n",
       "        vertical-align: top;\n",
       "    }\n",
       "\n",
       "    .dataframe thead th {\n",
       "        text-align: right;\n",
       "    }\n",
       "</style>\n",
       "<table border=\"1\" class=\"dataframe\">\n",
       "  <thead>\n",
       "    <tr style=\"text-align: right;\">\n",
       "      <th></th>\n",
       "      <th>Date</th>\n",
       "      <th>Adj. Close</th>\n",
       "      <th>Ticker</th>\n",
       "    </tr>\n",
       "  </thead>\n",
       "  <tbody>\n",
       "    <tr>\n",
       "      <th>0</th>\n",
       "      <td>1980-12-12</td>\n",
       "      <td>0.422706</td>\n",
       "      <td>AAPL</td>\n",
       "    </tr>\n",
       "    <tr>\n",
       "      <th>1</th>\n",
       "      <td>1980-12-15</td>\n",
       "      <td>0.400652</td>\n",
       "      <td>AAPL</td>\n",
       "    </tr>\n",
       "    <tr>\n",
       "      <th>2</th>\n",
       "      <td>1980-12-16</td>\n",
       "      <td>0.371246</td>\n",
       "      <td>AAPL</td>\n",
       "    </tr>\n",
       "    <tr>\n",
       "      <th>3</th>\n",
       "      <td>1980-12-17</td>\n",
       "      <td>0.380362</td>\n",
       "      <td>AAPL</td>\n",
       "    </tr>\n",
       "    <tr>\n",
       "      <th>4</th>\n",
       "      <td>1980-12-18</td>\n",
       "      <td>0.391536</td>\n",
       "      <td>AAPL</td>\n",
       "    </tr>\n",
       "    <tr>\n",
       "      <th>...</th>\n",
       "      <td>...</td>\n",
       "      <td>...</td>\n",
       "      <td>...</td>\n",
       "    </tr>\n",
       "    <tr>\n",
       "      <th>9395</th>\n",
       "      <td>2018-03-21</td>\n",
       "      <td>171.270000</td>\n",
       "      <td>AAPL</td>\n",
       "    </tr>\n",
       "    <tr>\n",
       "      <th>9396</th>\n",
       "      <td>2018-03-22</td>\n",
       "      <td>168.845000</td>\n",
       "      <td>AAPL</td>\n",
       "    </tr>\n",
       "    <tr>\n",
       "      <th>9397</th>\n",
       "      <td>2018-03-23</td>\n",
       "      <td>164.940000</td>\n",
       "      <td>AAPL</td>\n",
       "    </tr>\n",
       "    <tr>\n",
       "      <th>9398</th>\n",
       "      <td>2018-03-26</td>\n",
       "      <td>172.770000</td>\n",
       "      <td>AAPL</td>\n",
       "    </tr>\n",
       "    <tr>\n",
       "      <th>9399</th>\n",
       "      <td>2018-03-27</td>\n",
       "      <td>168.340000</td>\n",
       "      <td>AAPL</td>\n",
       "    </tr>\n",
       "  </tbody>\n",
       "</table>\n",
       "<p>9400 rows × 3 columns</p>\n",
       "</div>"
      ],
      "text/plain": [
       "           Date  Adj. Close Ticker\n",
       "0    1980-12-12    0.422706   AAPL\n",
       "1    1980-12-15    0.400652   AAPL\n",
       "2    1980-12-16    0.371246   AAPL\n",
       "3    1980-12-17    0.380362   AAPL\n",
       "4    1980-12-18    0.391536   AAPL\n",
       "...         ...         ...    ...\n",
       "9395 2018-03-21  171.270000   AAPL\n",
       "9396 2018-03-22  168.845000   AAPL\n",
       "9397 2018-03-23  164.940000   AAPL\n",
       "9398 2018-03-26  172.770000   AAPL\n",
       "9399 2018-03-27  168.340000   AAPL\n",
       "\n",
       "[9400 rows x 3 columns]"
      ]
     },
     "execution_count": 19,
     "metadata": {},
     "output_type": "execute_result"
    }
   ],
   "source": [
    "data[0]"
   ]
  },
  {
   "cell_type": "code",
   "execution_count": null,
   "metadata": {},
   "outputs": [],
   "source": []
  },
  {
   "cell_type": "code",
   "execution_count": 8,
   "metadata": {},
   "outputs": [],
   "source": [
    "def concat_pivot(data, rows, columns, values):\n",
    "    df = pd.concat(data, sort=True)\n",
    "    pivot = df.pivot_table(values=values, columns=columns, index=rows)\n",
    "    return pivot\n"
   ]
  },
  {
   "cell_type": "code",
   "execution_count": 9,
   "metadata": {},
   "outputs": [],
   "source": [
    "def compute_returns(df):\n",
    "    returns = df.pct_change()\n",
    "    return returns\n"
   ]
  },
  {
   "cell_type": "code",
   "execution_count": 10,
   "metadata": {},
   "outputs": [],
   "source": [
    "def return_risk_ratio(df, days=30):\n",
    "    means = pd.DataFrame(df.tail(days).mean())\n",
    "    std = pd.DataFrame(df.tail(days).std())\n",
    "    ratios = pd.concat([means, std], axis=1).reset_index()\n",
    "    ratios.columns = ['Company', 'Mean', 'Std']\n",
    "    ratios['Ratio'] = ratios['Mean']/ratios['Std']\n",
    "    return ratios\n"
   ]
  },
  {
   "cell_type": "code",
   "execution_count": 23,
   "metadata": {},
   "outputs": [
    {
     "data": {
      "text/html": [
       "<div>\n",
       "<style scoped>\n",
       "    .dataframe tbody tr th:only-of-type {\n",
       "        vertical-align: middle;\n",
       "    }\n",
       "\n",
       "    .dataframe tbody tr th {\n",
       "        vertical-align: top;\n",
       "    }\n",
       "\n",
       "    .dataframe thead th {\n",
       "        text-align: right;\n",
       "    }\n",
       "</style>\n",
       "<table border=\"1\" class=\"dataframe\">\n",
       "  <thead>\n",
       "    <tr style=\"text-align: right;\">\n",
       "      <th></th>\n",
       "      <th>Company</th>\n",
       "      <th>Mean</th>\n",
       "      <th>Std</th>\n",
       "      <th>Ratio</th>\n",
       "    </tr>\n",
       "  </thead>\n",
       "  <tbody>\n",
       "    <tr>\n",
       "      <th>11</th>\n",
       "      <td>NKE</td>\n",
       "      <td>66.476977</td>\n",
       "      <td>1.276235</td>\n",
       "      <td>52.088335</td>\n",
       "    </tr>\n",
       "    <tr>\n",
       "      <th>4</th>\n",
       "      <td>CCL</td>\n",
       "      <td>67.317000</td>\n",
       "      <td>1.488038</td>\n",
       "      <td>45.238773</td>\n",
       "    </tr>\n",
       "    <tr>\n",
       "      <th>9</th>\n",
       "      <td>MSFT</td>\n",
       "      <td>92.964000</td>\n",
       "      <td>2.060757</td>\n",
       "      <td>45.111567</td>\n",
       "    </tr>\n",
       "    <tr>\n",
       "      <th>6</th>\n",
       "      <td>DIS</td>\n",
       "      <td>103.692000</td>\n",
       "      <td>2.335759</td>\n",
       "      <td>44.393286</td>\n",
       "    </tr>\n",
       "    <tr>\n",
       "      <th>1</th>\n",
       "      <td>AAPL</td>\n",
       "      <td>174.461333</td>\n",
       "      <td>4.491211</td>\n",
       "      <td>38.845058</td>\n",
       "    </tr>\n",
       "  </tbody>\n",
       "</table>\n",
       "</div>"
      ],
      "text/plain": [
       "   Company        Mean       Std      Ratio\n",
       "11     NKE   66.476977  1.276235  52.088335\n",
       "4      CCL   67.317000  1.488038  45.238773\n",
       "9     MSFT   92.964000  2.060757  45.111567\n",
       "6      DIS  103.692000  2.335759  44.393286\n",
       "1     AAPL  174.461333  4.491211  38.845058"
      ]
     },
     "execution_count": 23,
     "metadata": {},
     "output_type": "execute_result"
    }
   ],
   "source": [
    "data_1 = concat_pivot(data, 'Date', 'Ticker', 'Adj. Close')\n",
    "returns = compute_returns(data_1)\n",
    "ratios = return_risk_ratio(data_1)\n",
    "top10 = ratios.sort_values('Ratio', ascending=False).head(10)\n",
    "top10.head()\n"
   ]
  },
  {
   "cell_type": "code",
   "execution_count": 25,
   "metadata": {},
   "outputs": [],
   "source": [
    "def corr_matrix(df, days=30):\n",
    "    corr_matrix = df.tail(days).corr()\n",
    "    return corr_matrix\n",
    "\n",
    "target_list = returns[list(top10['Company'])]\n",
    "correlation = corr_matrix(target_list)\n"
   ]
  },
  {
   "cell_type": "code",
   "execution_count": 26,
   "metadata": {},
   "outputs": [
    {
     "data": {
      "text/html": [
       "<div>\n",
       "<style scoped>\n",
       "    .dataframe tbody tr th:only-of-type {\n",
       "        vertical-align: middle;\n",
       "    }\n",
       "\n",
       "    .dataframe tbody tr th {\n",
       "        vertical-align: top;\n",
       "    }\n",
       "\n",
       "    .dataframe thead th {\n",
       "        text-align: right;\n",
       "    }\n",
       "</style>\n",
       "<table border=\"1\" class=\"dataframe\">\n",
       "  <thead>\n",
       "    <tr style=\"text-align: right;\">\n",
       "      <th>Ticker</th>\n",
       "      <th>AAP</th>\n",
       "      <th>AAPL</th>\n",
       "      <th>AMZN</th>\n",
       "      <th>BAC</th>\n",
       "      <th>CCL</th>\n",
       "      <th>CI</th>\n",
       "      <th>DIS</th>\n",
       "      <th>FB</th>\n",
       "      <th>GOOG</th>\n",
       "      <th>MSFT</th>\n",
       "      <th>NFLX</th>\n",
       "      <th>NKE</th>\n",
       "      <th>TSLA</th>\n",
       "      <th>UA</th>\n",
       "    </tr>\n",
       "    <tr>\n",
       "      <th>Ticker</th>\n",
       "      <th></th>\n",
       "      <th></th>\n",
       "      <th></th>\n",
       "      <th></th>\n",
       "      <th></th>\n",
       "      <th></th>\n",
       "      <th></th>\n",
       "      <th></th>\n",
       "      <th></th>\n",
       "      <th></th>\n",
       "      <th></th>\n",
       "      <th></th>\n",
       "      <th></th>\n",
       "      <th></th>\n",
       "    </tr>\n",
       "  </thead>\n",
       "  <tbody>\n",
       "    <tr>\n",
       "      <th>AAP</th>\n",
       "      <td>1.000000</td>\n",
       "      <td>0.666429</td>\n",
       "      <td>0.766478</td>\n",
       "      <td>0.259932</td>\n",
       "      <td>-0.508595</td>\n",
       "      <td>-0.382691</td>\n",
       "      <td>-0.123227</td>\n",
       "      <td>0.249707</td>\n",
       "      <td>0.423156</td>\n",
       "      <td>0.566803</td>\n",
       "      <td>0.795862</td>\n",
       "      <td>-0.350351</td>\n",
       "      <td>0.014358</td>\n",
       "      <td>-0.296299</td>\n",
       "    </tr>\n",
       "    <tr>\n",
       "      <th>AAPL</th>\n",
       "      <td>0.666429</td>\n",
       "      <td>1.000000</td>\n",
       "      <td>0.651696</td>\n",
       "      <td>0.734583</td>\n",
       "      <td>-0.095840</td>\n",
       "      <td>-0.065714</td>\n",
       "      <td>0.381506</td>\n",
       "      <td>0.680766</td>\n",
       "      <td>0.831900</td>\n",
       "      <td>0.925058</td>\n",
       "      <td>0.575326</td>\n",
       "      <td>0.144692</td>\n",
       "      <td>0.550431</td>\n",
       "      <td>0.041468</td>\n",
       "    </tr>\n",
       "    <tr>\n",
       "      <th>AMZN</th>\n",
       "      <td>0.766478</td>\n",
       "      <td>0.651696</td>\n",
       "      <td>1.000000</td>\n",
       "      <td>0.283195</td>\n",
       "      <td>-0.407587</td>\n",
       "      <td>-0.701937</td>\n",
       "      <td>-0.231578</td>\n",
       "      <td>0.165907</td>\n",
       "      <td>0.519407</td>\n",
       "      <td>0.579439</td>\n",
       "      <td>0.917705</td>\n",
       "      <td>-0.331207</td>\n",
       "      <td>-0.088813</td>\n",
       "      <td>-0.531382</td>\n",
       "    </tr>\n",
       "    <tr>\n",
       "      <th>BAC</th>\n",
       "      <td>0.259932</td>\n",
       "      <td>0.734583</td>\n",
       "      <td>0.283195</td>\n",
       "      <td>1.000000</td>\n",
       "      <td>0.448148</td>\n",
       "      <td>0.288950</td>\n",
       "      <td>0.702782</td>\n",
       "      <td>0.894959</td>\n",
       "      <td>0.870248</td>\n",
       "      <td>0.811117</td>\n",
       "      <td>0.147371</td>\n",
       "      <td>0.375624</td>\n",
       "      <td>0.739460</td>\n",
       "      <td>0.443251</td>\n",
       "    </tr>\n",
       "    <tr>\n",
       "      <th>CCL</th>\n",
       "      <td>-0.508595</td>\n",
       "      <td>-0.095840</td>\n",
       "      <td>-0.407587</td>\n",
       "      <td>0.448148</td>\n",
       "      <td>1.000000</td>\n",
       "      <td>0.376230</td>\n",
       "      <td>0.664541</td>\n",
       "      <td>0.351661</td>\n",
       "      <td>0.300950</td>\n",
       "      <td>0.080806</td>\n",
       "      <td>-0.606188</td>\n",
       "      <td>0.749007</td>\n",
       "      <td>0.408884</td>\n",
       "      <td>0.503776</td>\n",
       "    </tr>\n",
       "    <tr>\n",
       "      <th>CI</th>\n",
       "      <td>-0.382691</td>\n",
       "      <td>-0.065714</td>\n",
       "      <td>-0.701937</td>\n",
       "      <td>0.288950</td>\n",
       "      <td>0.376230</td>\n",
       "      <td>1.000000</td>\n",
       "      <td>0.632558</td>\n",
       "      <td>0.379740</td>\n",
       "      <td>-0.006056</td>\n",
       "      <td>0.016639</td>\n",
       "      <td>-0.646839</td>\n",
       "      <td>0.431366</td>\n",
       "      <td>0.610860</td>\n",
       "      <td>0.766313</td>\n",
       "    </tr>\n",
       "    <tr>\n",
       "      <th>DIS</th>\n",
       "      <td>-0.123227</td>\n",
       "      <td>0.381506</td>\n",
       "      <td>-0.231578</td>\n",
       "      <td>0.702782</td>\n",
       "      <td>0.664541</td>\n",
       "      <td>0.632558</td>\n",
       "      <td>1.000000</td>\n",
       "      <td>0.753555</td>\n",
       "      <td>0.621510</td>\n",
       "      <td>0.504104</td>\n",
       "      <td>-0.335859</td>\n",
       "      <td>0.698039</td>\n",
       "      <td>0.844828</td>\n",
       "      <td>0.683900</td>\n",
       "    </tr>\n",
       "    <tr>\n",
       "      <th>FB</th>\n",
       "      <td>0.249707</td>\n",
       "      <td>0.680766</td>\n",
       "      <td>0.165907</td>\n",
       "      <td>0.894959</td>\n",
       "      <td>0.351661</td>\n",
       "      <td>0.379740</td>\n",
       "      <td>0.753555</td>\n",
       "      <td>1.000000</td>\n",
       "      <td>0.865249</td>\n",
       "      <td>0.714159</td>\n",
       "      <td>0.064775</td>\n",
       "      <td>0.302003</td>\n",
       "      <td>0.816614</td>\n",
       "      <td>0.451475</td>\n",
       "    </tr>\n",
       "    <tr>\n",
       "      <th>GOOG</th>\n",
       "      <td>0.423156</td>\n",
       "      <td>0.831900</td>\n",
       "      <td>0.519407</td>\n",
       "      <td>0.870248</td>\n",
       "      <td>0.300950</td>\n",
       "      <td>-0.006056</td>\n",
       "      <td>0.621510</td>\n",
       "      <td>0.865249</td>\n",
       "      <td>1.000000</td>\n",
       "      <td>0.854058</td>\n",
       "      <td>0.348616</td>\n",
       "      <td>0.301922</td>\n",
       "      <td>0.677963</td>\n",
       "      <td>0.140176</td>\n",
       "    </tr>\n",
       "    <tr>\n",
       "      <th>MSFT</th>\n",
       "      <td>0.566803</td>\n",
       "      <td>0.925058</td>\n",
       "      <td>0.579439</td>\n",
       "      <td>0.811117</td>\n",
       "      <td>0.080806</td>\n",
       "      <td>0.016639</td>\n",
       "      <td>0.504104</td>\n",
       "      <td>0.714159</td>\n",
       "      <td>0.854058</td>\n",
       "      <td>1.000000</td>\n",
       "      <td>0.493701</td>\n",
       "      <td>0.235487</td>\n",
       "      <td>0.572459</td>\n",
       "      <td>0.198307</td>\n",
       "    </tr>\n",
       "    <tr>\n",
       "      <th>NFLX</th>\n",
       "      <td>0.795862</td>\n",
       "      <td>0.575326</td>\n",
       "      <td>0.917705</td>\n",
       "      <td>0.147371</td>\n",
       "      <td>-0.606188</td>\n",
       "      <td>-0.646839</td>\n",
       "      <td>-0.335859</td>\n",
       "      <td>0.064775</td>\n",
       "      <td>0.348616</td>\n",
       "      <td>0.493701</td>\n",
       "      <td>1.000000</td>\n",
       "      <td>-0.531060</td>\n",
       "      <td>-0.235515</td>\n",
       "      <td>-0.446361</td>\n",
       "    </tr>\n",
       "    <tr>\n",
       "      <th>NKE</th>\n",
       "      <td>-0.350351</td>\n",
       "      <td>0.144692</td>\n",
       "      <td>-0.331207</td>\n",
       "      <td>0.375624</td>\n",
       "      <td>0.749007</td>\n",
       "      <td>0.431366</td>\n",
       "      <td>0.698039</td>\n",
       "      <td>0.302003</td>\n",
       "      <td>0.301922</td>\n",
       "      <td>0.235487</td>\n",
       "      <td>-0.531060</td>\n",
       "      <td>1.000000</td>\n",
       "      <td>0.524487</td>\n",
       "      <td>0.439654</td>\n",
       "    </tr>\n",
       "    <tr>\n",
       "      <th>TSLA</th>\n",
       "      <td>0.014358</td>\n",
       "      <td>0.550431</td>\n",
       "      <td>-0.088813</td>\n",
       "      <td>0.739460</td>\n",
       "      <td>0.408884</td>\n",
       "      <td>0.610860</td>\n",
       "      <td>0.844828</td>\n",
       "      <td>0.816614</td>\n",
       "      <td>0.677963</td>\n",
       "      <td>0.572459</td>\n",
       "      <td>-0.235515</td>\n",
       "      <td>0.524487</td>\n",
       "      <td>1.000000</td>\n",
       "      <td>0.531945</td>\n",
       "    </tr>\n",
       "    <tr>\n",
       "      <th>UA</th>\n",
       "      <td>-0.296299</td>\n",
       "      <td>0.041468</td>\n",
       "      <td>-0.531382</td>\n",
       "      <td>0.443251</td>\n",
       "      <td>0.503776</td>\n",
       "      <td>0.766313</td>\n",
       "      <td>0.683900</td>\n",
       "      <td>0.451475</td>\n",
       "      <td>0.140176</td>\n",
       "      <td>0.198307</td>\n",
       "      <td>-0.446361</td>\n",
       "      <td>0.439654</td>\n",
       "      <td>0.531945</td>\n",
       "      <td>1.000000</td>\n",
       "    </tr>\n",
       "  </tbody>\n",
       "</table>\n",
       "</div>"
      ],
      "text/plain": [
       "Ticker       AAP      AAPL      AMZN       BAC       CCL        CI       DIS  \\\n",
       "Ticker                                                                         \n",
       "AAP     1.000000  0.666429  0.766478  0.259932 -0.508595 -0.382691 -0.123227   \n",
       "AAPL    0.666429  1.000000  0.651696  0.734583 -0.095840 -0.065714  0.381506   \n",
       "AMZN    0.766478  0.651696  1.000000  0.283195 -0.407587 -0.701937 -0.231578   \n",
       "BAC     0.259932  0.734583  0.283195  1.000000  0.448148  0.288950  0.702782   \n",
       "CCL    -0.508595 -0.095840 -0.407587  0.448148  1.000000  0.376230  0.664541   \n",
       "CI     -0.382691 -0.065714 -0.701937  0.288950  0.376230  1.000000  0.632558   \n",
       "DIS    -0.123227  0.381506 -0.231578  0.702782  0.664541  0.632558  1.000000   \n",
       "FB      0.249707  0.680766  0.165907  0.894959  0.351661  0.379740  0.753555   \n",
       "GOOG    0.423156  0.831900  0.519407  0.870248  0.300950 -0.006056  0.621510   \n",
       "MSFT    0.566803  0.925058  0.579439  0.811117  0.080806  0.016639  0.504104   \n",
       "NFLX    0.795862  0.575326  0.917705  0.147371 -0.606188 -0.646839 -0.335859   \n",
       "NKE    -0.350351  0.144692 -0.331207  0.375624  0.749007  0.431366  0.698039   \n",
       "TSLA    0.014358  0.550431 -0.088813  0.739460  0.408884  0.610860  0.844828   \n",
       "UA     -0.296299  0.041468 -0.531382  0.443251  0.503776  0.766313  0.683900   \n",
       "\n",
       "Ticker        FB      GOOG      MSFT      NFLX       NKE      TSLA        UA  \n",
       "Ticker                                                                        \n",
       "AAP     0.249707  0.423156  0.566803  0.795862 -0.350351  0.014358 -0.296299  \n",
       "AAPL    0.680766  0.831900  0.925058  0.575326  0.144692  0.550431  0.041468  \n",
       "AMZN    0.165907  0.519407  0.579439  0.917705 -0.331207 -0.088813 -0.531382  \n",
       "BAC     0.894959  0.870248  0.811117  0.147371  0.375624  0.739460  0.443251  \n",
       "CCL     0.351661  0.300950  0.080806 -0.606188  0.749007  0.408884  0.503776  \n",
       "CI      0.379740 -0.006056  0.016639 -0.646839  0.431366  0.610860  0.766313  \n",
       "DIS     0.753555  0.621510  0.504104 -0.335859  0.698039  0.844828  0.683900  \n",
       "FB      1.000000  0.865249  0.714159  0.064775  0.302003  0.816614  0.451475  \n",
       "GOOG    0.865249  1.000000  0.854058  0.348616  0.301922  0.677963  0.140176  \n",
       "MSFT    0.714159  0.854058  1.000000  0.493701  0.235487  0.572459  0.198307  \n",
       "NFLX    0.064775  0.348616  0.493701  1.000000 -0.531060 -0.235515 -0.446361  \n",
       "NKE     0.302003  0.301922  0.235487 -0.531060  1.000000  0.524487  0.439654  \n",
       "TSLA    0.816614  0.677963  0.572459 -0.235515  0.524487  1.000000  0.531945  \n",
       "UA      0.451475  0.140176  0.198307 -0.446361  0.439654  0.531945  1.000000  "
      ]
     },
     "execution_count": 26,
     "metadata": {},
     "output_type": "execute_result"
    }
   ],
   "source": [
    "corr_matrix(data_1)"
   ]
  },
  {
   "cell_type": "code",
   "execution_count": 27,
   "metadata": {},
   "outputs": [
    {
     "data": {
